63642
63281
30996
7372
32963
66393
54534
45568
55151
56869
70120
54328
70631
43955
69806
53838
70119
67687
44056
41591
10690
5737
8216
61359
61822
51244
28303
68301
67221
67570
17271
68266
68227
70489
67143
66864
71318
68151
15265
71299
67560
68253
70462
66774
1370
17273
67989
68311
70087
1121
10541
69975
70486
70581
15266
623
54924
13088
13034
70445
13037
70379
43426
13035
6972
70170
12963
1834
54962
64052
71274
557
66456
1392
67598
67147
66829
63196
66428
1592
69636
66427
63029
61819
68273
66523
14103
52434
1557
28425
68234
67981
1500
68264
70593
70613
12933
43351
61283
48709
8391
66376
70588
59375
8417
18736
42530
67230
1304
8403
52216
70772
69712
13259
14152
66866
70632
69793
17233
1375
71310
70701
66820
69718
66531
67970
17229
67231
70751
576
66894
70378
1330
68076
70465
68022
66876
14153
68192
70539
1129
44910
15225
67288
66454
55281
66815
67223
70612
67621
70799
70535
68244
68245
15256
67326
17253
15206
68292
70778
66881
70628
70619
66419
15241
14128
66840
592
70545
67299
1182
70760
67544
67214
66750
70062
65874
1335
69813
9322
1506
577
13045
67957
13055
15249
1142
49158
66518
68979
19814
11225
16385
16226
50594
1179
61442
9616
38714
70811
17153
38354
38823
69017
54068
63491
60216
53968
67175
18053
38822
60959
61903
16335
20180
21660
12429
1114
62300
70510
17802
38678
68321
10144
15465
10577
46304
13820
61213
61210
59892
14846
13100
15838
38174
16555
1546
54126
16420
14848
65876
39861
11204
15180
15950
20248
34297
9886
1199
57938
70321
61363
46407
10811
62479
12188
50781
70203
45264
15930
39633
49528
12903
70326
640
71249
664
67951
67963
68156
59092
67959
48469
14798
69685
66527
69645
8619
10542
567
13133
45690
535
45683
67541
56641
57274
70461
70797
70543
12971
44261
66883
62765
52104
50261
29378
69697
8858
53865
63121
42897
45285
37381
1356
66441
1193
62181
13030
62119
68789
13095
51258
13067
57263
16983
52769
12978
56308
49410
48266
43074
46651
41828
13026
49105
49179
63653
63186
70755
70506
70037
70439
62744
41984
42914
54621
70090
28038
12812
28826
6590
66909
66426
56548
70709
71324
62538
51373
28587
6457
66807
11071
68142
68093
68088
71331
53584
69812
35428
17227
12866
64047
14108
54245
61875
51593
69811
71268
41131
28047
55699
62699
60771
50652
70710
50085
68126
54123
6594
6506
66739
6622
6687
43726
51360
10283
8694
41976
68674
45369
51289
63894
42946
43734
604
61976
54932
69008
56911
7867
48102
63138
8007
55714
13296
7961
1538
70464
51625
50119
70450
67942
70621
8110
13283
7871
13253
14124
1311
8236
13267
56976
65662
51643
7909
68851
7906
65855
55136
1194
1569
8292
13094
65841
68742
8162
51605
13011
15655
52454
13063
66370
63580
62745
8100
68604
51819
7767
28160
12916
7760
62747
68976
70831
8037
68052
7856
63515
8141
14767
49097
1123
1815
49091
65608
7960
7890
49106
45517
7896
7721
8126
7753
7749
19508
37254
41223
12709
67376
37470
48747
17250
71321
53519
70609
66880
70231
67477
70073
9236
71244
51849
9189
1185
9167
13262
55093
54047
47679
55152
50173
70548
6705
52428
53060
41691
48832
29231
48426
52739
55173
57166
14194
43417
48847
48155
13265
54377
55169
37606
53288
53967
48740
48785
1104
54923
52164
622
40376
55171
13024
49522
49415
43479
54009
54364
67334
12927
13278
63200
54247
65844
63266
62033
66375
61525
54315
54312
13081
61798
61417
68791
63164
62014
64003
31544
31852
61517
27374
9142
67572
12627
70493
63521
6596
48341
51296
61438
52174
54062
61559
70520
62078
51148
37712
12858
66083
66912
63492
48685
45614
14106
67507
6633
14133
53543
54381
43640
42887
66336
70115
14154
6585
62063
52457
14053
50177
54042
67390
61466
68588
28251
67577
33488
61428
63206
63571
48349
51823
50175
17254
68104
67202
14005
14228
61852
28075
54580
6670
6617
51533
63312
67210
51598
44145
7038
57261
62712
54250
65863
48362
48554
41070
7061
54201
28627
36881
7046
68776
7053
62241
50523
56193
45508
69954
13071
56520
63532
53821
63495
62019
54354
68571
28125
7081
63307
68680
29213
44609
56927
68563
68175
13129
66131
49439
50244
43540
56247
54953
56312
66770
68177
68173
43526
8987
42920
53203
48687
52691
53787
55191
68700
67703
66857
14121
53281
70466
68967
61838
61845
42296
55684
47468
47440
17264
70446
796
32588
70920
866
16246
70787
5908
70571
69640
1832
70769
69639
69825
1531
70630
67341
70595
69824
42621
70092
55635
54749
54135
52889
41767
49205
54239
51319
60258
70314
54279
65700
13220
38175
54639
12902
12604
54582
61475
12906
38963
58630
13274
39209
13298
53994
62632
47417
53080
13041
61333
64227
61620
61320
33422
11984
53078
27772
53790
68169
54041
67333
17222
53235
53811
70480
65842
61214
62641
662
31945
656
43546
6939
67576
67962
69002
32464
62686
54144
62733
65888
70145
62089
54087
54179
554
62237
54227
1823
50196
65925
66530
54248
62252
53190
17223
62137
5806
68239
68000
67955
62090
54267
62148
70040
70356
51205
54218
68183
15272
1758
62883
61951
66418
69083
65846
54617
53579
62559
54942
41296
69029
27299
69028
54301
52281
7488
40616
6963
12991
7078
16561
12998
12950
71323
13054
70383
66780
51930
32426
7039
7047
7055
7042
6673
29281
67565
36826
66853
68197
51128
69818
36036
14117
1331
42896
37438
69127
61975
62669
8195
15564
68864
13123
8219
8136
13064
34263
68094
32913
68638
13091
49663
61848
51645
35355
68589
66392
12511
68664
67215
53356
1394
13085
13005
6476
6428
6424
62010
56968
28006
1162
11754
70211
14786
17786
70117
70537
70604
54116
39784
52344
14173
66788
68702
68544
68090
626
68553
70469
69210
14216
51040
37978
52965
54785
54115
49277
39744
49939
52903
55576
71011
11667
37960
54764
54805
54273
46678
29816
14123
43963
49319
14422
62810
41247
29988
49050
54806
29351
49866
52569
53054
48986
52375
37958
14113
57438
37984
55575
37969
46433
49821
51499
52955
62814
44676
45860
780
49774
51501
55560
47422
46694
49329
15409
52137
52167
70509
61600
14111
49267
51495
42462
54602
31255
33015
68987
68698
68550
52235
68708
65664
69076
1184
51873
48411
71312
69125
69021
68630
66384
62101
68704
66409
68332
66467
7356
6487
68574
70359
